[gd_scene load_steps=7 format=2]

[ext_resource path="res://Prefabs/Player.tscn" type="PackedScene" id=1]
[ext_resource path="res://Scenes/playermat.tres" type="Material" id=2]
[ext_resource path="res://Scripts/Camera.cs" type="Script" id=3]
[ext_resource path="res://Scenes/gridtriplaner.tres" type="Material" id=4]
[ext_resource path="res://Prefabs/Area.tscn" type="PackedScene" id=5]

[sub_resource type="SphereMesh" id=1]
radius = 20.0
height = 40.0

[node name="MainScene" type="Spatial"]

[node name="Player" parent="." instance=ExtResource( 1 )]
transform = Transform( -0.0483094, 0, 0.998832, 0, 1, 0, -0.998832, 0, -0.0483094, -85.4159, 22.9515, -98.2473 )
speedlable = NodePath("../CanvasLayer/Label")
framelable = NodePath("../CanvasLayer/Label2")
runAcceleration = 35.0
runDeacceleration = 25.0
airAcceleration = 10.0
sideStrafeAcceleration = 125.0
friction = 1.0
airfriction = 0.0
gravity = 10.0

[node name="CSGMesh" parent="Player" index="1"]
material = ExtResource( 2 )

[node name="Camera" type="Camera" parent="Player"]
transform = Transform( 1, 1.86265e-09, -7.45058e-09, 0, 0.878742, 0.477297, 7.45058e-09, -0.477297, 0.878743, -0.00764465, 3.01384, 6.16779 )
fov = 88.4
far = 773.4
script = ExtResource( 3 )
path = NodePath("..")

[node name="DirectionalLight" type="DirectionalLight" parent="."]
transform = Transform( 1, 0, 0, 0, 0.54597, 0.837804, 0, -0.837804, 0.54597, 324.631, 38.0978, 0 )
shadow_enabled = true

[node name="CSGCombiner" type="CSGCombiner" parent="."]
use_collision = true

[node name="CSGBox" type="CSGBox" parent="CSGCombiner"]
width = 607.737
height = 77.4757
depth = 689.175
material = ExtResource( 4 )

[node name="CSGBox" type="CSGBox" parent="CSGCombiner/CSGBox"]
transform = Transform( 1, 0, 0, 0, 1, 0, 0, 0, 1, 0, 39.4808, 0 )
operation = 2
width = 581.322
height = 75.9703
depth = 664.045
material = ExtResource( 4 )

[node name="CSGPolygon" type="CSGPolygon" parent="CSGCombiner"]
transform = Transform( 1, 0, 0, 0, 1, 0, 0, 0, 1, -18.2887, -3.94172, -121.017 )
polygon = PoolVector2Array( -186.586, 0.244526, -2.25029, 124.503, 59.8296, 121.976, 295.379, 1.23157 )
depth = 62.203
material = ExtResource( 4 )

[node name="CSGBox2" type="CSGBox" parent="CSGCombiner"]
transform = Transform( 1, 0, 0, 0, 1, 0, 0, 0, 1, -206.173, 21.8049, -153.656 )
width = 74.5061
height = 40.1741
depth = 66.5247
material = ExtResource( 4 )

[node name="CSGCylinder" type="CSGCylinder" parent="CSGCombiner/CSGBox2"]
transform = Transform( 1, 0, 0, 0, -1.62921e-07, -1, 0, 1, -1.62921e-07, 28.5255, 35.1669, 0 )
operation = 2
radius = 37.7139
height = 68.7505
sides = 64
material = ExtResource( 4 )

[node name="CSGBox3" type="CSGBox" parent="CSGCombiner"]
transform = Transform( 1, 0, 0, 0, 1, 0, 0, 0, 1, -157.148, 1.87196, -50.8033 )
width = 78.9289
height = 42.1184
depth = 66.5247
material = ExtResource( 4 )

[node name="CSGCylinder" type="CSGCylinder" parent="CSGCombiner/CSGBox3"]
transform = Transform( 1, 0, 0, 0, -1.62921e-07, -1, 0, 1, -1.62921e-07, 28.5255, 35.1669, 0 )
operation = 2
radius = 37.7139
height = 68.7505
sides = 64
material = ExtResource( 4 )

[node name="CSGBox4" type="CSGBox" parent="CSGCombiner"]
transform = Transform( 1, 0, 0, 0, 1, 0, 0, 0, 1, 0, 5.15485, 0 )
width = 29.0947
height = 15.8638
depth = 57.6757
material = ExtResource( 4 )

[node name="CSGCylinder" type="CSGCylinder" parent="CSGCombiner/CSGBox4"]
transform = Transform( 1, 0, 0, 0, 1, 0, 0, 0, 1, 14.1288, 0, 0 )
operation = 2
radius = 19.3441
height = 29.5826
sides = 40
material = ExtResource( 4 )

[node name="CSGBox5" type="CSGBox" parent="CSGCombiner"]
transform = Transform( 2.65431e-14, 1.62921e-07, 1, 1, -1.62921e-07, 0, 1.62921e-07, 1, -1.62921e-07, -31.0211, 10.7758, 158.049 )
snap = 0.0001
width = 29.0947
height = 15.8638
depth = 57.6757
material = ExtResource( 4 )

[node name="CSGMesh" type="CSGMesh" parent="CSGCombiner/CSGBox5"]
transform = Transform( 1, 0, 0, 0, 1, 0, 0, 0, 1, 16.1117, -9.15527e-05, 0 )
operation = 2
mesh = SubResource( 1 )

[node name="CSGPolygon2" type="CSGPolygon" parent="CSGCombiner"]
transform = Transform( 1, 0, 0, 0, 1, 0, 0, 0, 1, -84.306, 2.08694, 170.383 )
polygon = PoolVector2Array( -72.5709, -1.63165, -6.22685, 17.855, 25.4734, 24.7575, 25.5543, -0.776146 )
depth = 25.005
material = ExtResource( 4 )

[node name="CSGPolygon3" type="CSGPolygon" parent="CSGCombiner"]
transform = Transform( 0.660657, 0, -0.750688, 0, 1, 0, 0.750688, 0, 0.660657, -84.306, 2.08694, 115.595 )
polygon = PoolVector2Array( -72.5709, -1.63165, -6.22685, 17.855, 25.4734, 24.7575, 25.5543, -0.776146 )
depth = 25.005
material = ExtResource( 4 )

[node name="Area" parent="CSGCombiner" instance=ExtResource( 5 )]
transform = Transform( 0.759513, -0.209939, 0.615683, 0.0241388, 0.954932, 0.295841, -0.650044, -0.209833, 0.730351, -117.857, 2.50875, 58.1599 )
useDirection = true

[node name="Area2" parent="CSGCombiner" instance=ExtResource( 5 )]
transform = Transform( -0.0785635, 0, -0.996909, 0, 1, 0, 0.996909, 0, -0.0785635, 257.717, 14.1166, -147.19 )
useDirection = true

[node name="CanvasLayer" type="CanvasLayer" parent="."]

[node name="Label" type="Label" parent="CanvasLayer"]
anchor_top = 0.5
anchor_right = 0.012
anchor_bottom = 1.0
margin_left = 11.8063
margin_top = 149.427
margin_right = 92.5183
margin_bottom = -119.573
rect_scale = Vector2( 2, 2 )
align = 1
valign = 1
__meta__ = {
"_edit_use_anchors_": false
}

[node name="Label2" type="Label" parent="CanvasLayer"]
anchor_top = 0.5
anchor_right = 0.009
anchor_bottom = 0.982
margin_left = 8.80627
margin_top = 227.427
margin_right = 97.5903
margin_bottom = -30.7728
rect_scale = Vector2( 2, 2 )
align = 1
valign = 1
__meta__ = {
"_edit_use_anchors_": false
}

[editable path="Player"]
